400.04	0.16830697	1.96509477
401.63	0.16724475	1.98108618
403.21	0.166172272	1.99696678
404.8	0.165091002	2.0127431
406.39	0.164002372	2.02842184
407.97	0.162907885	2.04400827
409.56	0.161808983	2.05950792
411.15	0.160707106	2.07492567
412.74	0.1596037	2.09026553
414.32	0.15850011	2.10553212
415.91	0.157397637	2.1207297
417.5	0.156297675	2.13586037
419.08	0.155201364	2.15092878
420.67	0.154109928	2.1659374
422.26	0.153024536	2.18088853
423.85	0.151946234	2.19578513
425.43	0.150876077	2.21062906
427.02	0.149814997	2.2254229
428.61	0.1487639	2.24016861
430.19	0.147723635	2.25486798
431.78	0.146695025	2.26952223
433.37	0.145678772	2.28413332
434.95	0.144675556	2.29870265
436.54	0.14368603	2.31323107
438.13	0.142710736	2.32772022
439.72	0.141750221	2.34217073
441.3	0.140804924	2.35658406
442.89	0.139875294	2.3709607
444.48	0.138961675	2.38530195
446.06	0.138064395	2.39960861
447.65	0.137183767	2.41388096
449.24	0.136320005	2.42812013
450.82	0.135473341	2.44232632
452.41	0.134643939	2.45650011
454	0.133831903	2.47064249
455.58	0.13303733	2.48475397
457.17	0.132260309	2.49883461
458.76	0.131500872	2.51288484
460.34	0.130759002	2.52690554
461.93	0.130034698	2.54089668
463.52	0.129327894	2.55485906
465.1	0.128638539	2.56879262
466.69	0.127966542	2.58269772
468.28	0.12731177	2.59657511
469.86	0.126674111	2.61042468
471.45	0.126053417	2.62424676
473.04	0.125449505	2.63804207
474.62	0.124862214	2.65181046
476.21	0.124291352	2.66555224
477.79	0.123736697	2.6792681
479.38	0.123198051	2.69295789
480.97	0.122675188	2.70662189
482.55	0.122167874	2.72026036
484.14	0.121675867	2.73387356
485.73	0.121198903	2.74746219
487.31	0.120736743	2.76102606
488.9	0.120289127	2.77456545
490.48	0.119855791	2.78808061
492.07	0.119436454	2.80157222
493.65	0.119030872	2.81503969
495.24	0.118638748	2.82848411
496.83	0.118259819	2.84190533
498.41	0.117893812	2.85530359
500	0.117540449	2.86867916
501.58	0.117199458	2.88203228
503.17	0.116870561	2.89536322
504.75	0.116553487	2.90867223
506.34	0.116247962	2.92195957
507.93	0.115953708	2.9352259
509.51	0.115670474	2.94847066
511.1	0.115397985	2.96169452
512.68	0.115135977	2.97489774
514.27	0.114884191	2.98808057
515.85	0.114642363	3.00124368
517.44	0.114410253	3.01438652
519.02	0.114187604	3.02750975
520.61	0.11397417	3.04061363
522.19	0.113769708	3.05369841
523.78	0.113573987	3.06676395
525.36	0.113386759	3.07981132
526.95	0.113207807	3.09283997
528.53	0.113036894	3.10585095
530.12	0.11287381	3.11884372
531.7	0.112718332	3.13181895
533.29	0.112570248	3.14477687
534.87	0.112429355	3.15771735
536.46	0.112295441	3.17064144
538.04	0.112168316	3.18354859
539.62	0.112047782	3.19643945
541.21	0.11193365	3.20931428
542.79	0.111825737	3.22217291
544.38	0.11172386	3.23501601
545.96	0.111627843	3.2478438
547.54	0.111537516	3.26065654
549.13	0.111452712	3.27345407
550.71	0.111373268	3.28623703
552.3	0.111299027	3.29900527
553.88	0.11122983	3.3117598
555.46	0.111165534	3.32449969
557.05	0.111105988	3.33722635
558.63	0.111051054	3.34993921
560.21	0.111000593	3.36263892
561.8	0.110954471	3.37532529
563.38	0.11091256	3.38799896
564.97	0.110874733	3.40065975
566.55	0.110840868	3.41330827
568.13	0.110810847	3.42594436
569.71	0.110784556	3.43856862
571.3	0.110761882	3.45118088
572.88	0.110742719	3.46378174
574.46	0.110726962	3.47637141
576.05	0.110714511	3.48894971
577.63	0.110705267	3.50151685
579.21	0.110699137	3.51407303
580.79	0.110696028	3.52661924
582.38	0.110695852	3.5391545
583.96	0.110698524	3.55167979
585.54	0.110703962	3.56419492
587.12	0.110712086	3.57670046
588.71	0.110722818	3.58919623
590.29	0.110736084	3.60168241
591.87	0.110751813	3.61415958
593.45	0.110769936	3.62662752
595.03	0.110790385	3.63908643
596.62	0.110813097	3.65153687
598.2	0.110838009	3.66397862
599.78	0.110865062	3.67641188
601.36	0.110894197	3.6888368
602.94	0.110925361	3.70125394
604.52	0.110958498	3.71366271
606.1	0.110993558	3.72606404
607.69	0.111030493	3.73845809
609.27	0.111069253	3.75084426
610.85	0.111109795	3.76322347
612.43	0.111152072	3.77559512
614.01	0.111196044	3.78796013
615.59	0.111241671	3.80031826
617.17	0.111288913	3.81266968
618.75	0.111337733	3.82501453
620.33	0.111388097	3.83735334
621.91	0.111439968	3.84968549
623.49	0.111493315	3.8620119
625.07	0.111548106	3.87433193
626.65	0.111604312	3.8866465
628.23	0.111661902	3.89895497
629.81	0.111720852	3.91125825
631.39	0.111781131	3.92355571
632.97	0.11184272	3.93584825
634.55	0.111905589	3.94813523
636.13	0.11196972	3.96041755
637.71	0.112035088	3.97269456
639.29	0.112101674	3.98496679
640.87	0.112169459	3.99723472
642.45	0.112238422	4.00949774
644.03	0.112308546	4.02175632
645.61	0.112379815	4.03401061
647.18	0.112452212	4.0462607
648.76	0.11252572	4.05850635
650.34	0.11260033	4.07074842
651.92	0.112676022	4.08298627
653.5	0.112752787	4.09522039
655.08	0.112830612	4.10745089
656.65	0.112909485	4.11967788
658.23	0.112989395	4.13190109
659.81	0.113070334	4.14412138
661.39	0.11315229	4.15633809
662.97	0.113235252	4.16855135
664.54	0.113319218	4.18076199
666.12	0.113404175	4.19296937
667.7	0.113490119	4.20517397
669.28	0.113577041	4.21737588
670.85	0.113664934	4.22957482
672.43	0.113753795	4.24177127
674.01	0.113843616	4.25396494
675.58	0.113934394	4.26615631
677.16	0.114026124	4.27834547
678.74	0.114118802	4.29053213
680.31	0.114212424	4.30271677
681.89	0.11430699	4.31489946
683.47	0.114402491	4.32707993
685.04	0.11449893	4.33925863
686.62	0.114596301	4.35143528
688.19	0.114694604	4.36361034
689.77	0.114793837	4.37578352
691.34	0.114893996	4.38795489
692.92	0.114995088	4.40012531
694.49	0.115097102	4.41229371
696.07	0.115200045	4.42446094
697.65	0.115303916	4.43662708
699.22	0.115408711	4.44879182
700.79	0.115514433	4.46095525
702.37	0.115621083	4.47311783
703.94	0.11572866	4.48527924
705.52	0.115837167	4.49743995
707.09	0.115946604	4.50959966
708.67	0.11605697	4.52175843
710.24	0.116168271	4.53391673
711.82	0.116280505	4.54607425
713.39	0.116393674	4.55823106
714.96	0.116507783	4.57038761
716.54	0.116622831	4.58254361
718.11	0.116738821	4.59469911
719.68	0.116855754	4.60685419
721.26	0.116973636	4.6190093
722.83	0.117092467	4.63116413
724.4	0.11721225	4.64331876
725.97	0.117332987	4.65547325
727.55	0.117454685	4.66762804
729.12	0.117577343	4.67978283
730.69	0.117700964	4.69193769
732.26	0.117825553	4.70409268
733.84	0.117951111	4.71624788
735.41	0.118077642	4.72840334
736.98	0.11820515	4.74055914
738.55	0.118333642	4.75271572
740.12	0.118463119	4.76487277
741.69	0.118593578	4.77702998
743.27	0.118725034	4.78918816
744.84	0.118857484	4.80134701
746.41	0.118990933	4.8135066
747.98	0.119125385	4.82566698
749.55	0.119260839	4.83782785
751.12	0.119397309	4.84999003
752.69	0.119534793	4.8621532
754.26	0.119673295	4.87431743
755.83	0.119812821	4.88648279
757.4	0.119953374	4.89864934
758.97	0.120094953	4.91081677
760.54	0.120237573	4.9229859
762.11	0.120381228	4.93515604
763.68	0.120525931	4.94732802
765.25	0.120671678	4.95950114
766.82	0.120818478	4.97167585
768.38	0.120966336	4.98385222
769.95	0.121115255	4.99603032
771.52	0.121265241	5.00821021
773.09	0.121416294	5.02039158
774.66	0.121568423	5.03257488
776.23	0.121721632	5.04476019
777.79	0.121875928	5.05694758
779.36	0.122031315	5.06913711
780.93	0.122187794	5.08132847
782.5	0.122345376	5.09352214
784.06	0.122504066	5.10571817
785.63	0.12266387	5.11791664
787.2	0.12282479	5.13011726
788.76	0.122986838	5.14232048
790.33	0.123150016	5.154526
791.9	0.123314338	5.16673428
793.46	0.123479811	5.17894541
795.03	0.123646446	5.19115947
796.6	0.123814247	5.20337617
798.16	0.123983226	5.2155956
799.73	0.124153404	5.22781861
